1
64
3
0.80107
1 30 1 2
1 9 0
1 25 2 2 1
3
0.80375
1 22 0
1 29 1 1
1 22 2 2 1
3
0.19308
1 32 0
1 5 1 1
1 1 2 2 1
1
0.17912
1 8 0
4
0.21798
1 27 0
1 7 1 3
1 32 1 1
1 29 1 1
2
1.10105
1 9 1 2
1 20 0
4
0.12590
1 22 2 3 4
1 7 1 3
1 12 1 4
1 25 0
4
0.19006
1 24 1 2
1 1 0
1 22 2 1 2
1 25 1 3
3
0.48871
1 28 2 3 2
1 20 1 3
1 7 0
1
0.40666
1 9 0
1
4.65855
1 20 0
3
1.21215
1 27 2 3 2
1 16 0
1 4 1 2
3
0.93313
1 23 2 2 3
1 31 1 3
1 28 0
2
6.42519
1 29 1 2
1 21 0
3
0.13633
1 4 2 3 2
1 32 1 3
1 16 0
3
0.76459
1 16 1 2
1 5 0
1 14 1 1
4
7.55165
1 20 0
1 8 1 1
1 32 1 2
1 7 2 3 1
4
0.79635
1 23 1 2
1 22 1 3
1 15 0
1 13 2 2 1
2
3.43575
1 31 0
1 27 1 1
2
1.19803
1 1 1 2
1 21 0
4
5.38903
1 28 0
1 20 1 1
1 8 2 2 1
1 10 1 2
3
3.90262
1 26 1 2
1 21 0
1 28 1 1
3
0.77961
1 10 1 2
1 31 0
1 3 2 2 1
4
0.18843
1 29 2 2 4
1 32 0
1 15 1 2
1 7 1 3
2
6.59597
1 18 0
1 17 1 1
2
1.58666
1 22 0
1 5 1 1
1
0.16348
1 22 0
3
1.05879
1 4 1 2
1 22 0
1 10 1 2
1
6.42362
1 7 0
4
0.30406
1 21 2 4 3
1 30 1 4
1 5 1 4
1 26 0
2
0.21057
1 22 0
1 17 1 1
3
3.04703
1 6 1 3
1 28 1 3
1 11 0
4
0.14895
1 2 0
1 10 2 1 4
1 28 2 4 2
1 30 1 1
4
5.19574
1 3 0
1 31 1 4
1 27 1 1
1 18 1 1
1
0.69923
1 18 0
4
3.89755
1 22 1 2
1 16 0
1 11 2 2 1
1 13 2 3 1
1
6.60798
1 10 0
3
0.16905
1 11 1 2
1 27 0
1 23 1 2
2
0.11872
1 11 1 2
1 17 0
4
0.17668
1 18 1 4
1 20 0
1 11 1 2
1 15 1 2
1
0.51287
1 27 0
2
0.44771
1 29 1 2
1 5 0
3
1.26760
1 12 1 3
1 14 0
1 13 1 2
2
0.19762
1 14 1 2
1 26 0
3
2.98015
1 9 2 3 2
1 17 1 3
1 22 0
4
0.18203
1 17 2 4 3
1 31 2 1 3
1 25 0
1 32 1 3
4
0.45862
1 32 1 2
1 31 0
1 24 2 1 4
1 24 2 2 1
3
0.29289
1 8 0
1 17 1 1
1 31 2 1 2
1
0.91179
1 29 0
4
2.15136
1 29 1 2
1 12 0
1 23 1 2
1 5 1 1
1
0.36116
1 18 0
1
3.44253
1 4 0
2
2.35283
1 26 0
1 32 1 1
3
7.92317
1 15 1 2
1 10 0
1 14 2 2 1
4
0.85250
1 32 0
1 4 1 1
1 6 1 2
1 15 1 3
3
0.16895
1 2 2 2 3
1 29 0
1 18 1 2
3
0.13522
1 12 0
1 22 2 3 1
1 2 1 1
4
0.64836
1 5 1 2
1 17 0
1 21 1 1
1 29 1 3
3
5.12155
1 3 0
1 17 1 1
1 9 1 1
2
2.32153
1 14 1 2
1 28 0
2
3.03464
1 19 1 2
1 22 0
2
0.28390
1 13 0
1 19 1 1
1
0.24403
1 32 0
4
5.69714
1 27 1 2
1 9 0
1 15 1 4
1 17 1 2
