8
30
5
0.16007
8 86 0
2 46 1 4
1 98 2 4 5
2 144 2 1 5
6 32 1 1
1
2.25499
3 42 0
2
0.68234
2 136 0
8 84 1 1
4
2.64904
5 124 0
5 82 3 4 1 3
2 56 1 1
3 26 2 1 3
4
1.75425
7 112 1 4
5 54 1 4
5 72 2 1 4
1 14 0
4
0.57511
6 142 0
1 122 1 1
7 122 1 1
8 66 1 1
2
5.22095
1 86 1 2
2 40 0
1
2.91755
6 6 0
2
1.48219
1 162 1 2
6 130 0
2
2.05554
5 158 0
3 188 1 1
5
7.43098
6 10 1 2
5 82 0
2 60 3 1 5 4
3 86 1 5
7 80 2 1 2
4
4.39643
4 150 1 4
5 30 2 1 4
1 130 2 2 4
5 8 0
1
2.63901
2 178 0
3
0.21485
3 118 1 3
3 64 1 3
2 188 0
2
0.95144
8 22 1 2
6 76 0
3
6.77958
5 86 1 3
3 56 0
8 120 1 2
5
3.83504
3 98 3 3 2 5
5 86 2 5 3
1 30 0
2 106 1 5
8 172 1 3
3
0.15806
3 188 0
4 110 1 1
5 176 1 1
3
0.90396
3 152 1 2
2 8 0
1 140 1 2
2
6.76480
5 6 1 2
7 8 0
4
0.45821
4 148 2 3 4
3 2 2 4 3
6 170 1 4
1 26 0
2
0.30515
2 42 1 2
4 98 0
1
0.14777
4 4 0
5
1.76495
3 128 2 2 3
5 66 1 3
7 146 0
8 186 1 2
6 78 2 2 3
2
0.44188
3 114 1 2
5 116 0
4
1.14052
8 56 1 4
5 186 2 4 1
6 54 1 2
2 128 0
4
0.60412
1 174 0
2 116 3 3 1 4
1 32 1 4
3 6 1 1
2
0.65485
3 110 0
1 192 1 1
3
0.12001
3 96 2 3 2
2 52 0
8 54 1 2
2
2.03838
5 146 0
5 86 1 1
