36
128
1
6.62326
8 76 0
2
0.40251
12 5 0
18 27 1 1
1
0.39966
36 72 0
2
0.31064
36 78 1 2
6 51 0
1
0.15610
15 77 0
1
6.33371
33 45 0
3
4.82189
27 56 0
9 79 1 1
24 43 1 2
1
1.05285
3 41 0
1
1.45039
22 17 0
2
0.69019
11 28 0
1 45 1 1
2
1.83588
32 48 0
5 68 1 1
2
5.68103
27 13 0
30 77 1 1
1
0.82947
27 50 0
3
0.64181
25 53 0
10 42 1 3
10 87 1 1
2
1.87015
34 13 1 2
4 63 0
3
0.51779
14 52 0
16 7 1 1
12 28 1 1
3
0.98812
15 36 1 2
6 10 0
8 93 1 2
1
4.47536
20 64 0
3
0.13065
28 46 0
30 89 1 1
36 63 1 1
1
6.71241
8 93 0
1
0.91623
12 52 0
3
0.42758
2 80 0
35 20 1 1
19 91 1 1
2
2.97571
6 74 0
24 62 1 1
1
0.47079
34 89 0
3
4.53591
19 12 1 3
19 91 1 1
9 90 0
2
0.59386
11 20 1 2
16 67 0
1
2.91866
11 62 0
3
5.61192
5 30 1 2
3 64 0
14 56 1 2
1
0.54322
31 47 0
3
4.31069
17 68 1 2
31 37 0
35 3 1 2
3
1.70749
4 64 1 2
27 44 1 3
35 31 0
1
2.60005
18 90 0
1
0.14322
25 37 0
1
1.33213
23 76 0
2
0.64146
23 4 0
2 42 1 1
3
0.15538
21 64 0
13 48 1 1
31 18 1 1
2
7.49372
13 55 0
13 43 1 1
1
2.31251
20 15 0
1
0.38781
10 69 0
3
0.46829
13 33 0
13 76 1 1
24 81 1 1
1
2.53816
33 62 0
1
0.22277
14 52 0
3
6.35771
35 56 1 3
2 60 1 3
16 16 0
2
0.18955
12 92 1 2
28 18 0
2
0.44632
25 84 1 2
15 38 0
1
0.15318
20 6 0
1
0.17195
24 18 0
2
3.17573
28 54 1 2
30 67 0
3
7.69613
20 83 1 3
28 6 1 3
18 54 0
1
1.79653
17 42 0
3
1.69798
20 69 0
15 68 1 3
10 93 1 1
2
7.82715
3 85 0
21 24 1 1
2
0.72146
30 58 0
19 11 1 1
3
2.51311
36 43 1 3
1 85 1 3
34 8 0
3
1.64236
33 80 1 2
36 6 0
16 46 1 2
1
1.05590
33 74 0
3
0.64285
17 2 1 2
11 77 0
17 48 1 2
2
0.15058
19 82 0
17 70 1 1
1
0.31081
4 47 0
2
0.52516
28 84 0
14 19 1 1
3
0.46561
34 91 1 2
12 93 1 3
13 3 0
3
2.48819
20 52 1 3
23 38 0
35 48 1 2
1
4.10805
9 59 0
3
1.49380
33 20 1 3
33 86 1 3
33 85 0
1
0.44126
11 38 0
1
0.14051
11 44 0
1
0.21011
29 54 0
3
0.52856
18 59 1 2
36 63 0
22 54 1 2
2
0.42787
34 24 0
20 74 1 1
1
0.45688
4 15 0
1
2.17096
19 84 0
2
1.21206
14 76 0
2 88 1 1
3
0.36309
19 1 0
20 84 1 1
7 38 1 1
2
1.40499
34 79 1 2
25 53 0
1
0.84297
25 81 0
1
0.25753
9 44 0
1
0.59211
19 31 0
3
7.44839
7 61 1 3
12 57 0
21 75 1 2
2
2.12195
20 88 1 2
3 26 0
2
1.72967
26 16 0
35 41 1 1
1
2.61470
7 95 0
3
0.30412
6 47 1 3
16 10 1 3
2 92 0
3
0.23599
23 47 1 2
24 47 0
10 65 1 2
2
0.71341
3 17 0
24 7 1 1
1
0.14116
15 26 0
1
5.16898
24 30 0
3
0.15356
12 11 0
7 2 1 1
26 24 1 1
3
0.11031
36 70 0
13 82 1 1
1 86 1 1
1
0.73957
16 16 0
3
1.67943
1 12 1 3
1 94 1 3
1 20 0
1
1.43366
9 83 0
3
0.11803
27 70 1 2
23 45 0
22 68 1 1
3
0.42629
35 16 1 3
12 88 1 1
9 29 0
2
0.56610
10 48 1 2
8 34 0
1
0.22499
2 2 0
2
4.85595
17 13 0
33 45 1 1
1
0.29381
21 79 0
1
4.31921
19 39 0
1
0.76221
14 25 0
1
7.82584
16 36 0
3
4.74705
22 65 1 3
21 56 1 3
17 96 0
1
0.11512
22 67 0
2
3.08382
23 91 0
22 35 1 1
1
0.23481
2 92 0
2
0.36647
36 20 1 2
35 40 0
1
2.90251
24 41 0
3
0.82881
10 49 1 3
16 89 1 1
4 81 0
1
1.18369
8 57 0
2
0.16322
22 31 0
21 61 1 1
1
0.64718
13 40 0
3
1.07370
12 46 0
15 49 1 1
21 22 1 1
3
1.10896
26 58 1 2
16 40 0
11 48 1 2
1
5.65355
19 56 0
2
4.03949
12 58 0
20 60 1 1
1
0.30411
24 91 0
2
5.00584
19 85 0
2 83 1 1
1
6.53897
2 43 0
1
0.35242
34 87 0
1
1.15643
24 93 0
3
1.05763
31 92 1 2
2 14 0
26 3 1 2
3
6.09987
12 7 0
30 93 1 3
12 96 1 1
2
0.18311
32 77 1 2
24 65 0
1
0.68128
17 84 0
3
0.96973
33 33 0
13 52 1 3
17 61 1 1
3
0.59204
36 86 1 2
9 17 0
18 24 1 2
3
1.17171
1 53 0
20 60 1 1
7 69 1 1
1
0.39811
13 12 0
3
7.53645
8 75 1 3
15 81 0
13 7 1 2
