8
30
38
58.117
7 52 0
6 56 0
3 9 0
2 85 1 1
5 35 4 1 4 3 2
8 71 1 2
6 80 5 2 1 6 4 3
5 57 3 7 4 2
5 83 2 6 3
5 66 7 8 6 1 9 3 5 2
2 58 6 5 6 10 4 9 7
6 65 0
3 1 9 12 4 9 2 11 10 7 8 1
8 48 2 3 8
6 73 14 13 9 1 14 7 3 4 6 12 5 11 8 10 2
6 67 3 5 9 11
4 31 10 11 16 5 7 14 10 6 2 12 3
6 16 7 17 15 1 12 6 4 8
1 55 8 5 2 14 16 7 18 17 13
7 86 6 17 1 14 11 5 7
5 24 16 4 6 11 5 3 10 7 12 14 15 16 2 19 18 8 13
6 86 8 4 14 15 6 19 12 20 18
7 90 8 22 20 12 3 15 11 21 2
3 83 13 19 21 10 11 6 8 3 15 5 9 17 12 20
8 87 16 19 7 2 10 1 15 4 16 3 20 9 8 6 5 24 13
6 9 11 21 13 22 19 18 14 5 11 2 1 17
1 27 10 14 9 3 2 12 7 4 11 16 26
3 7 26 22 21 14 12 9 15 19 23 16 6 5 13 26 17 10 11 27 4 1 25 18 20 7 2 8 3
7 13 16 22 16 17 20 24 5 9 19 26 23 2 13 21 25 10 3
2 36 24 14 17 1 20 3 25 18 5 16 2 13 28 29 26 27 21 22 7 23 6 15 24 11 9
4 68 16 29 7 25 19 6 18 2 8 17 27 22 5 24 20 9 30
1 69 13 8 24 11 5 22 19 15 18 1 21 30 10 7
1 2 31 3 26 5 9 13 20 29 16 11 4 19 24 7 1 22 14 10 30 28 17 27 6 31 23 8 12 25 21 32 2 18
3 93 16 9 3 5 1 12 7 32 29 33 19 22 13 24 21 15 4
1 1 19 22 2 3 14 24 26 23 25 21 8 7 12 15 34 29 9 33 32 4
4 32 17 8 7 24 13 5 32 9 1 27 6 31 12 29 4 34 18 30
7 73 27 7 2 14 23 20 30 11 9 8 34 3 15 13 21 12 32 28 19 26 16 29 17 35 10 24 25 5
7 94 32 21 32 8 10 37 7 34 15 13 4 22 26 19 33 18 35 1 14 25 23 31 12 9 6 11 36 5 3 28 16 27 24
11
20.0922
3 38 0
1 44 1 1
4 86 1 2
6 89 2 3 2
6 51 1 3
4 37 2 4 5
6 56 5 4 3 5 6 2
4 26 1 6
8 46 2 2 4
3 59 3 7 6 3
6 58 9 3 9 8 2 4 10 5 7 1
4
48.6428
5 42 0
5 85 0
8 60 2 2 1
4 2 3 1 3 2
13
5.79305
2 87 0
3 51 0
3 68 0
3 15 0
3 28 0
8 34 4 2 4 3 5
6 63 0
4 15 6 5 3 1 2 7 4
7 84 7 3 1 6 4 2 5 8
7 22 5 1 5 7 4 9
3 5 8 1 3 7 9 5 8 4 2
7 90 6 7 8 1 11 10 4
1 31 12 7 4 9 1 6 8 5 12 11 10 3 2
5
4.49149
6 20 0
7 49 1 1
7 4 2 1 2
8 50 0
2 30 4 2 1 3 4
3
10.6727
3 72 0
2 5 1 1
5 12 0
3
23.2684
4 22 0
1 30 1 1
6 8 1 2
1
9.92528
3 69 0
1
14.2363
2 2 0
1
52.4239
2 3 0
1
25.674
3 21 0
1
2.34518
7 96 0
1
41.196
7 93 0
1
18.7981
1 11 0
1
40.9874
4 14 0
1
52.6933
8 77 0
1
22.4072
3 52 0
1
16.2711
7 51 0
1
26.3617
5 61 0
1
22.6745
6 36 0
1
9.79187
8 29 0
1
23.0778
5 69 0
1
32.3615
8 96 0
1
48.7905
6 91 0
1
61.7017
3 95 0
1
28.7894
8 76 0
1
21.8671
8 15 0
1
22.4456
7 1 0
1
11.275
8 9 0
1
21.0801
6 59 0
