695 6 7 8 
32 6 
831 1 2 
766 6 7 8 
890 1 2 3 4 5 6 
936 1 2 3 4 5 6 7 8 
1023 1 2 3 4 5 6 7 
1028 1 2 3 4 5 6 7 8 
911 1 2 3 
1121 1 2 3 4 5 6 
1197 1 2 3 4 5 6 7 
1378 1 2 3 4 5 6 
1088 1 2 3 4 5 6 7 8 
1502 1 2 3 4 5 
1597 2 3 4 
1472 1 2 3 4 5 
1680 1 2 3 4 5 
1755 1 2 3 4 5 
1597 1 
1805 1 2 3 4 5 6 
1793 1 2 3 4 5 6 7 
1799 1 2 3 4 5 6 7 
1286 1 2 3 4 5 6 7 
1805 7 
1821 8 
1908 1 2 3 4 
1966 8 
2065 4 5 6 7 
1852 1 2 3 4 5 6 7 
2200 1 2 3 4 5 6 7 8 
1986 6 7 
791 1 2 3 4 5 6 7 8 
2283 1 2 3 
1966 1 2 3 4 5 
2121 1 2 3 4 5 6 7 
2029 1 2 3 
2186 1 2 3 4 5 
2300 4 5 6 
805 1 2 3 4 5 6 7 
2324 4 5 6 
1908 6 7 
2300 1 2 3 
2403 1 2 3 4 5 
1821 1 2 3 4 5 6 
2419 1 2 3 4 
2476 1 2 3 4 5 6 7 
2493 1 2 3 4 5 6 
2573 1 2 3 4 5 6 
2602 1 2 3 4 5 
2672 1 2 3 4 5 6 7 8 
2558 1 2 3 
2684 1 2 
2684 3 4 5 6 7 8 
2726 1 2 3 4 
2780 1 2 3 4 5 6 7 8 
2813 1 2 3 4 5 
2407 1 2 3 4 5 
2880 1 2 3 
2941 1 2 
2997 1 2 
3048 1 2 3 4 
3121 1 
2317 1 2 3 
3048 5 6 7 8 
3190 1 2 3 4 5 6 7 8 
3227 1 2 3 
3239 1 2 3 4 5 6 7 
3271 1 2 
3271 3 4 5 
3310 1 2 3 4 5 6 7 8 
3320 1 2 3 4 
212 1 2 3 4 5 6 
490 1 2 3 4 5 6 7 
695 1 2 3 4 5 
344 1 2 3 4 5 6 7 8 
167 6 7 
4 1 2 3 5 6 
213 7 8 
133 3 4 5 
86 6 7 
396 1 2 3 4 5 6 7 8 
22 7 8 
31 1 2 3 4 5 
0 5 6 8 
578 6 7 
0 7 
133 1 2 
0 1 2 3 
578 1 2 3 4 5 
0 4 
82 1 2 3 4 5 
317 1 2 3 4 5 6 
8 1 2 3 5 6 
51 1 2 3 4 5 6 
261 1 2 3 4 5 6 7 8 
193 1 2 6 7 
12 4 7 8 
78 1 2 3 4 
442 1 2 3 4 5 6 
656 1 2 3 4 5 6 7 8 
