8
30
20
41.856
1 28 0
8 89 0
7 77 0
4 14 1 3
3 86 1 1
1 24 1 3
1 39 6 5 6 4 1 3 2
1 45 3 7 5 1
2 70 0
5 61 2 4 1
7 24 3 6 9 2
1 75 11 11 8 6 10 4 2 7 3 9 1 5
4 7 8 4 3 5 8 10 7 11 1
4 24 0
2 34 3 14 3 11
8 45 14 1 4 9 13 10 3 7 15 14 11 8 2 6 5
3 78 16 5 7 16 15 8 3 12 13 4 9 1 6 2 14 11 10
7 88 17 6 17 8 2 4 12 15 13 11 16 9 5 7 3 14 10 1
4 36 4 8 9 14 5
1 86 0
30
62.1252
4 4 0
8 92 0
1 73 2 1 2
6 32 0
4 48 1 3
1 17 0
8 22 6 1 3 5 6 2 4
6 82 6 1 6 4 7 3 5
7 72 0
6 43 5 6 8 3 5 4
2 44 1 7
5 69 7 7 6 1 9 3 11 8
2 92 9 9 2 7 10 5 1 12 6 3
2 86 4 9 12 5 1
6 1 5 12 5 3 1 10
3 81 7 6 14 11 15 3 12 10
6 45 11 14 13 7 12 10 9 8 5 3 16 11
5 73 6 3 15 13 16 4 12
3 95 10 2 11 17 10 8 12 7 1 18 3
1 78 18 3 11 7 12 5 10 16 6 15 8 19 9 4 14 2 18 17 1
8 69 6 6 16 18 1 8 3
4 1 5 12 3 6 13 2
4 90 1 20
1 28 15 1 16 9 3 23 17 11 20 6 8 14 18 12 10 2
7 19 16 14 17 12 22 6 8 20 4 21 5 11 23 19 13 24 10
6 29 12 8 25 22 2 15 4 3 17 20 12 16 6
2 58 18 2 18 20 14 16 15 19 25 23 7 6 24 5 26 22 11 3 1
3 30 11 18 2 9 11 25 21 22 3 14 1 19
5 22 3 26 28 2
8 56 28 3 5 22 25 17 21 6 20 15 29 2 8 23 16 11 4 18 9 7 26 14 13 19 24 10 12 27 1
16
52.9978
3 42 0
2 63 0
8 4 2 1 2
6 67 3 2 1 3
8 90 2 1 3
6 88 2 1 4
5 94 2 1 2
1 6 6 5 1 7 2 3 4
2 4 3 1 7 2
7 21 0
2 32 0
7 77 4 1 9 10 3
6 46 4 12 7 4 3
2 5 11 4 12 3 7 11 13 8 5 1 10 2
3 16 4 11 5 3 2
5 9 13 13 9 14 8 6 10 2 12 7 11 4 3 1
8
20.511
7 57 0
6 95 0
5 50 2 2 1
8 65 2 1 2
7 59 2 3 2
2 23 3 1 3 4
4 70 5 1 5 3 4 2
7 4 2 3 6
1
32.6697
4 10 0
1
57.4574
7 43 0
1
39.308
5 59 0
1
53.8631
8 52 0
1
28.7055
4 71 0
1
48.3182
5 36 0
1
28.3005
1 89 0
1
31.1076
7 80 0
1
23.4763
1 87 0
1
26.1415
3 25 0
1
35.339
5 44 0
1
35.8677
7 49 0
1
56.8982
7 17 0
1
19.2765
1 35 0
1
61.401
6 89 0
1
48.9904
5 51 0
1
35.8376
8 16 0
1
19.7748
7 17 0
1
42.39
8 33 0
1
63.624
4 77 0
1
11.7539
5 71 0
1
28.8575
4 76 0
1
51.5192
1 13 0
1
13.7075
5 32 0
1
33.4675
8 82 0
1
19.2803
8 84 0
