103 1 
2133 1 2 3 4 5 6 7 8 
1946 1 2 3 4 5 6 7 
2023 1 2 3 4 
2047 5 7 8 
2023 5 
2222 8 
2261 3 
947 6 7 
2037 1 2 3 4 6 
2222 1 2 3 4 5 6 7 
2387 1 
2306 1 2 3 4 
1876 5 6 7 8 
2246 1 2 
2342 1 2 3 4 5 6 7 8 
2462 1 2 3 
2540 1 2 3 4 5 6 7 
2306 5 6 7 8 
396 8 
696 1 2 3 4 
2700 1 2 3 4 5 6 7 8 
2792 1 
2387 2 3 4 5 6 7 
2865 1 2 3 4 
172 8 
2913 1 2 3 4 5 6 7 8 
2935 3 4 5 6 7 8 
2628 1 2 3 4 5 6 7 
3017 1 2 3 4 5 6 
2935 1 2 
3060 1 2 3 4 5 
3130 4 5 
3129 7 8 
3129 1 2 3 4 5 6 
3215 1 2 3 
3296 1 2 3 4 5 6 
3341 1 2 3 4 5 
3483 1 2 3 
3578 1 
3414 1 2 3 4 5 6 7 8 
3222 4 5 6 7 
3656 1 2 3 4 
3746 1 
3774 1 2 3 4 5 6 7 
3793 1 2 3 4 5 6 
3822 6 7 
3822 1 2 3 
3852 1 2 3 4 5 
3880 1 2 3 4 5 6 7 8 
261 6 7 8 
504 7 8 
1039 1 2 3 4 5 6 7 8 
1043 1 2 3 4 5 6 
1198 1 2 3 4 5 6 7 8 
1110 1 2 3 4 5 6 
1288 4 5 6 7 8 
1382 3 
1382 1 2 
1018 1 2 3 4 5 6 7 
223 5 8 
1386 1 2 4 5 6 7 8 
1463 1 2 3 4 5 6 
1509 1 2 
1288 1 2 3 
1514 1 2 3 4 5 
1523 1 2 3 4 5 6 7 
1580 1 2 3 4 5 6 
1675 1 2 3 4 5 
1784 1 2 3 4 5 6 7 8 
1725 1 2 3 4 5 6 7 
1849 1 2 
1876 1 2 3 4 
1872 1 2 3 4 5 6 7 
0 2 3 4 5 
96 2 3 4 5 6 7 8 
396 1 2 3 4 5 
344 1 2 3 4 5 6 7 8 
625 1 2 3 4 
43 4 5 6 7 8 
172 6 
701 1 2 3 4 5 6 7 
172 7 
43 1 2 3 
300 1 2 3 4 5 
455 1 2 3 4 5 6 7 
10 2 3 4 5 6 7 8 
68 1 
504 1 2 3 4 5 6 
172 1 2 3 4 5 
27 1 2 3 4 5 6 7 8 
79 2 3 4 5 6 7 8 
139 1 2 3 4 5 6 7 8 
223 1 2 3 4 
947 1 2 3 4 5 
625 5 6 7 8 
0 1 
593 1 2 3 4 5 
781 1 2 3 4 5 6 7 8 
863 1 2 3 4 5 6 7 8 
